257
0
1
2
3
11
12
13
15
19
20
22
23
27
35
39
43
57
58
59
61
65
66
67
71
73
75
79
83
87
91
93
97
101
102
104
105
109
111
115
119
123
124
128
129
131
135
139
141
145
153
157
161
175
179
181
185
189
193
197
199
203
217
221
225
233
234
235
237
241
242
243
247
249
251
255
259
263
267
269
273
277
278
279
283
285
286
287
295
296
300
308
322
326
328
329
333
334
336
340
344
348
352
360
374
378
382
396
404
408
412
416
420
422
426
428
432
436
438
439
443
444
448
452
456
458
462
463
465
466
467
469
470
474
476
480
484
488
489
493
494
496
500
504
506
510
512
516
520
524
528
536
550
554
558
572
580
584
588
592
596
598
599
603
604
606
610
624
632
636
637
645
646
647
649
653
654
655
659
663
665
669
673
677
681
683
685
689
690
691
695
697
698
699
707
711
715
729
733
735
739
743
747
751
753
757
771
775
779
787
791
793
797
801
803
804
808
809
813
817
821
823
827
828
830
831
835
839
841
845
849
853
857
859
861
865
866
867
871
873
874
875
889
893
897
905
909
910
912
913
917
919
920
921
929
930
931
932
